0,0,0,0,26.00,0,0,0,0
0,0,0,0,27.00,0,0,0,0
0,0,0,0,28.00,30,0,30,0
0,0,0,0,29.00,45,0,45,0
0,0,0,0,30.00,123,0,25,0
0,0,0,0,31.00,190,0,173,0
50,50,50,50,32.00,127,0,127,0
0,0,0,0,33.00,91,0,90,0
3,0,3,0,34.00,120,0,105,0
2,0,0,0,35.00,149,0,105,0
0,0,0,0,36.00,380,0,342,0
0,0,0,0,37.00,259,0,192,0
2,0,1,0,38.00,380,0,242,-2
61,0,16,0,39.00,248,0,197,0
556,0,506,0,40.00,365,11,186,0
196,-1,92,-1,41.00,385,-46,311,-47
1103,0,998,0,42.00,959,-20,834,-20
407,0,249,0,43.00,319,0,206,1
408,-16,297,-16,44.00,245,3,186,-2
174,8,115,3,45.00,286,0,241,0
155,-8,106,1,46.00,61,0,27,0
1727,16,1720,10,47.00,197,0,76,0
271,0,238,-2,48.00,46,0,20,0
372,5,369,3,49.00,2,0,2,0
806,15,773,15,50.00,29,0,18,0
463,0,460,0,52.50,2,0,2,0
285,20,279,32,55.00,1,0,1,0
146,0,88,0,57.50,0,0,0,0
168,0,168,0,60.00,0,0,0,0
226,0,194,0,62.50,0,0,0,0
279,0,279,0,65.00,0,0,0,0
88,0,78,0,67.50,0,0,0,0
80,0,67,0,70.00,0,0,0,0
71,0,51,0,72.50,0,0,0,0
229,0,229,0,75.00,0,0,0,0
30,0,30,0,77.50,0,0,0,0
61,0,61,0,80.00,0,0,0,0
20,0,20,0,82.50,0,0,0,0
15,0,0,0,85.00,0,0,0,0
85,0,85,0,87.50,0,0,0,0