0,0,0,0,26.00,0,0,0,0
0,0,0,0,27.00,0,0,0,0
0,0,0,0,28.00,0,0,0,0
0,0,0,0,29.00,12,0,12,0
0,0,0,0,30.00,5,0,5,0
0,0,0,0,31.00,119,0,119,0
0,0,0,0,32.00,34,0,32,0
0,0,0,0,33.00,93,0,90,0
0,0,0,0,34.00,202,0,197,0
0,0,0,0,35.00,247,0,234,0
0,0,0,0,36.00,309,0,309,0
0,0,0,0,37.00,346,0,277,0
26,0,22,0,38.00,680,0,598,0
41,0,26,0,39.00,811,-1,490,0
296,0,244,0,40.00,1315,22,1190,14
394,0,271,0,41.00,566,-70,335,-18
630,-3,532,0,42.00,727,-27,703,-21
821,1,753,1,43.00,488,-77,478,-80
429,-23,357,30,44.00,496,17,341,-85
623,2,544,3,45.00,349,0,291,0
678,1,628,-20,46.00,105,-1,55,-1
561,-53,538,-47,47.00,48,0,48,0
245,-29,196,-47,48.00,1,0,1,0
368,-15,365,-15,49.00,0,0,0,0
332,10,326,13,50.00,2,0,2,0
95,0,88,0,52.50,0,0,0,0
285,0,261,0,55.00,0,0,0,0
368,0,358,0,57.50,0,0,0,0
31,0,31,0,60.00,0,0,0,0
0,0,0,0,62.50,0,0,0,0
13,0,12,0,65.00,0,0,0,0
10,0,10,0,67.50,0,0,0,0
15,0,15,0,70.00,0,0,0,0