0,0,0,0,0.40,0,0,0,0
0,0,0,0,0.45,0,0,0,0
0,0,0,0,0.50,0,0,0,0
0,0,0,0,0.55,0,0,0,0
0,0,0,0,0.60,0,0,0,0
0,0,0,0,0.65,0,0,0,0
0,0,0,0,0.70,0,0,0,0
0,0,0,0,0.75,0,0,0,0
0,0,0,0,0.80,0,0,0,0
0,0,0,0,0.85,0,0,0,0
0,0,0,0,0.90,0,0,0,0
0,0,0,0,0.95,0,0,0,0
0,0,0,0,1.00,0,0,0,0
0,0,0,0,1.05,0,0,0,0
0,0,0,0,1.10,0,0,0,0
0,0,0,0,1.15,0,0,0,0
0,0,0,0,1.20,0,0,0,0
0,0,0,0,1.25,11,0,11,0
0,0,0,0,1.30,40,0,10,0
0,0,0,0,1.35,15,0,15,0
0,0,0,0,1.40,0,0,0,0
0,0,0,0,1.45,0,0,0,0
0,0,0,0,1.50,0,0,0,0
0,0,0,0,1.55,0,0,0,0
0,0,0,0,1.60,0,0,0,0
0,0,0,0,1.65,0,0,0,0
0,0,0,0,1.70,0,0,0,0
0,0,0,0,1.75,1,0,1,0
0,0,0,0,1.80,0,0,0,0
0,0,0,0,1.85,0,0,0,0
0,0,0,0,1.90,0,0,0,0
0,0,0,0,1.95,0,0,0,0
0,0,0,0,2.00,2,0,2,0
31,0,31,0,2.10,0,0,0,0
0,0,0,0,2.20,0,0,0,0
0,0,0,0,2.30,0,0,0,0
0,0,0,0,2.40,0,0,0,0
0,0,0,0,2.50,0,0,0,0
0,0,0,0,2.60,0,0,0,0
1,0,1,0,2.70,0,0,0,0
66,0,66,0,2.80,1,0,1,0
0,0,0,0,2.90,0,0,0,0
3,0,3,0,3.00,0,0,0,0
0,0,0,0,3.10,0,0,0,0
0,0,0,0,3.20,0,0,0,0
0,0,0,0,3.30,0,0,0,0
0,0,0,0,3.40,0,0,0,0
0,0,0,0,3.50,0,0,0,0
0,0,0,0,3.60,0,0,0,0
0,0,0,0,3.70,0,0,0,0
0,0,0,0,3.80,0,0,0,0
0,0,0,0,3.90,0,0,0,0
0,0,0,0,4.00,0,0,0,0
2,0,2,0,4.10,0,0,0,0
0,0,0,0,4.20,0,0,0,0
0,0,0,0,4.30,0,0,0,0
0,0,0,0,4.40,0,0,0,0
0,0,0,0,4.50,0,0,0,0
0,0,0,0,4.60,0,0,0,0
0,0,0,0,4.70,0,0,0,0
0,0,0,0,4.80,0,0,0,0
0,0,0,0,4.90,0,0,0,0
0,0,0,0,5.00,0,0,0,0
0,0,0,0,5.25,0,0,0,0
0,0,0,0,5.50,0,0,0,0
0,0,0,0,5.75,0,0,0,0
0,0,0,0,6.00,0,0,0,0
0,0,0,0,6.25,0,0,0,0