0,0,0,0,0.15,0,0,0,0
8,0,8,0,0.20,30,0,25,0
0,0,0,0,0.25,30,0,30,0
10,0,10,0,0.30,20,0,20,0
0,0,0,0,0.35,70,0,70,0
118,0,118,0,0.40,23,0,15,0
53,0,1,0,0.45,11,0,11,0
44,0,37,0,0.50,449,0,378,0
16,0,16,0,0.55,590,0,488,0
147,0,147,0,0.60,690,0,651,0
174,0,136,0,0.65,2720,0,2307,0
946,0,114,-5,0.70,2571,0,2389,0
729,0,708,0,0.75,314,0,291,0
892,0,737,0,0.80,1280,0,1260,0
367,2,357,0,0.85,321,0,300,0
718,0,532,0,0.90,28,0,28,0
262,0,249,0,0.95,38,0,38,0
831,0,662,0,1.00,160,0,144,0
2314,0,2202,0,1.05,262,-3,262,-3
441,0,441,0,1.10,21,-3,21,-3
65,0,63,0,1.15,3269,0,2574,0
237,0,230,0,1.20,212,0,171,0
206,0,206,0,1.25,63,0,62,0
99,0,28,0,1.30,476,0,475,0
43,0,40,0,1.35,536,0,535,0
252,0,225,0,1.40,62,0,60,0
22,0,22,0,1.45,61,0,61,0
273,0,273,0,1.50,11525,0,11525,0
4,0,0,0,1.55,377,0,377,0
3,0,2,0,1.60,1010,0,1010,0
181,0,106,0,1.65,0,0,0,0
0,0,0,0,1.70,0,0,0,0
5,0,5,0,1.75,0,0,0,0
9,0,8,0,1.80,0,0,0,0
1,0,1,0,1.85,0,0,0,0
3,0,3,0,1.90,0,0,0,0
29,0,28,0,1.95,0,0,0,0
134,0,114,0,2.00,20,0,20,0
16,0,16,0,2.10,15,0,0,0
17,0,13,0,2.20,100,0,100,0
76,0,76,0,2.30,0,0,0,0
1,0,1,0,2.40,100,0,100,0
17736,0,11522,0,2.50,150,0,150,0
21,0,16,0,2.60,0,0,0,0
0,0,0,0,2.70,0,0,0,0
4,0,0,0,2.80,0,0,0,0
0,0,0,0,2.90,0,0,0,0
130,0,100,0,3.00,0,0,0,0
0,0,0,0,3.10,0,0,0,0
0,0,0,0,3.20,0,0,0,0
0,0,0,0,3.30,0,0,0,0
10,0,10,0,3.40,0,0,0,0
60,0,60,0,3.50,0,0,0,0
14,0,14,0,3.60,0,0,0,0
0,0,0,0,3.70,0,0,0,0
0,0,0,0,3.80,0,0,0,0
0,0,0,0,3.90,0,0,0,0
4,0,4,0,4.00,0,0,0,0
0,0,0,0,4.10,0,0,0,0
0,0,0,0,4.20,0,0,0,0
0,0,0,0,4.30,0,0,0,0
0,0,0,0,4.40,0,0,0,0
0,0,0,0,4.50,0,0,0,0
0,0,0,0,4.60,0,0,0,0
0,0,0,0,4.70,0,0,0,0
0,0,0,0,4.80,0,0,0,0
0,0,0,0,4.90,0,0,0,0
0,0,0,0,5.00,0,0,0,0
0,0,0,0,5.25,0,0,0,0
0,0,0,0,5.50,0,0,0,0
2,0,2,0,5.75,0,0,0,0
0,0,0,0,6.00,0,0,0,0
0,0,0,0,6.25,0,0,0,0
0,0,0,0,6.50,0,0,0,0
0,0,0,0,6.75,0,0,0,0
0,0,0,0,7.00,0,0,0,0
0,0,0,0,7.25,0,0,0,0
0,0,0,0,7.50,0,0,0,0
0,0,0,0,7.75,0,0,0,0
52,0,52,0,8.00,740,0,740,0