0,0,0,0,2.60,3,0,3,0
0,0,0,0,2.70,0,0,0,0
0,0,0,0,2.80,118,0,118,0
0,0,0,0,2.90,52,0,52,0
0,0,0,0,3.00,255,2,215,2
0,0,0,0,3.10,521,0,505,0
0,0,0,0,3.20,339,0,339,0
0,0,0,0,3.30,69,0,47,0
132,0,131,0,3.40,227,0,227,0
21,0,20,0,3.50,215,0,214,0
35,0,35,0,3.60,185,1,181,1
156,0,21,0,3.70,223,0,160,0
121,15,47,15,3.80,157,0,84,0
183,0,64,0,3.90,157,0,46,0
239,0,90,10,4.00,212,0,86,0
98,5,96,5,4.10,35,0,15,0
198,0,96,-3,4.20,198,-4,147,-4
205,0,127,0,4.30,90,0,0,0
209,0,198,0,4.40,17,0,6,0
45,0,45,0,4.50,25,0,25,0
38,0,6,0,4.60,30,0,10,0
36,0,20,0,4.70,10,0,0,0
13,0,11,0,4.80,0,0,0,0
65,0,5,0,4.90,1,0,1,0
199,0,127,0,5.00,144,0,142,0
58,0,8,0,5.25,1,0,1,0
184,0,177,0,5.50,1,0,1,0
23,0,23,0,5.75,2,0,2,0
11,0,11,0,6.00,52,0,52,0
9,0,9,0,6.25,110,0,110,0
22,0,22,0,6.50,0,0,0,0
2,0,2,0,6.75,0,0,0,0
5,0,3,0,7.00,0,0,0,0
3,0,3,0,7.25,0,0,0,0
115,0,71,0,7.50,0,0,0,0
1,0,1,0,7.75,0,0,0,0
7,0,7,0,8.00,0,0,0,0
0,0,0,0,8.25,0,0,0,0
0,0,0,0,8.50,0,0,0,0
0,0,0,0,8.75,0,0,0,0
31,0,0,0,9.00,0,0,0,0
0,0,0,0,9.25,0,0,0,0
3,0,3,0,9.50,0,0,0,0
0,0,0,0,9.75,0,0,0,0
7,0,7,0,10.00,0,0,0,0
19,0,19,0,10.50,0,0,0,0
0,0,0,0,11.00,0,0,0,0
0,0,0,0,11.50,0,0,0,0
0,0,0,0,12.00,0,0,0,0
0,0,0,0,12.50,0,0,0,0
0,0,0,0,13.00,0,0,0,0
60,0,60,0,13.50,0,0,0,0