0,0,0,0,42.00,35,0,35,0
0,0,0,0,43.00,121,0,121,0
0,0,0,0,44.00,34,0,34,0
15,0,15,0,45.00,56,0,56,0
60,0,0,0,46.00,93,0,78,0
0,0,0,0,47.00,161,0,84,0
30,0,30,0,48.00,296,0,286,0
0,0,0,0,49.00,175,40,120,40
0,0,0,0,50.00,218,0,123,-6
5,-1,2,-1,52.50,550,9,421,0
48,0,35,0,55.00,1687,51,1433,61
302,0,83,0,57.50,1479,132,688,69
731,5,403,14,60.00,2020,2,1457,2
907,0,651,1,62.50,2058,9,1579,-2
1429,41,878,-26,65.00,1707,21,1672,9
1326,2,963,-1,67.50,1635,0,1281,1
2678,-21,2543,-31,70.00,2547,0,2508,-5
1415,4,1101,0,72.50,1155,0,957,0
778,0,707,0,75.00,153,0,140,0
893,0,676,0,77.50,148,0,146,0
890,0,691,0,80.00,68,0,68,0
572,-9,439,0,82.50,127,-8,127,-8
742,0,472,0,85.00,18,0,18,0
318,0,185,0,87.50,15,0,15,0
767,0,756,0,90.00,0,0,0,0
204,0,140,0,92.50,0,0,0,0
198,0,173,35,95.00,0,0,0,0
115,0,111,0,97.50,0,0,0,0
405,0,276,0,100.00,0,0,0,0
95,0,35,0,102.50,0,0,0,0
291,0,192,0,105.00,0,0,0,0
118,0,86,0,107.50,0,0,0,0
50,0,45,0,110.00,0,0,0,0
188,0,184,0,112.50,0,0,0,0
143,0,122,0,115.00,0,0,0,0
698,0,442,0,117.50,0,0,0,0