0,0,0,0,19.00,605,0,373,0
0,0,0,0,19.50,121,0,81,0
0,0,0,0,20.00,158,0,120,0
0,0,0,0,21.00,345,0,333,0
0,0,0,0,22.00,149,0,135,0
0,0,0,0,23.00,506,0,408,0
0,0,0,0,24.00,371,0,371,0
0,0,0,0,25.00,417,0,339,0
0,0,0,0,26.00,742,0,631,0
0,0,0,0,27.00,502,0,394,0
20,0,20,0,28.00,380,0,375,0
0,0,0,0,29.00,257,0,182,0
58,0,40,0,30.00,943,64,804,64
350,0,100,0,31.00,634,0,274,0
563,266,391,345,32.00,1285,42,1209,42
145,0,145,0,33.00,344,0,247,0
699,0,61,0,34.00,1489,266,772,266
850,0,60,0,35.00,801,0,119,0
889,732,139,0,36.00,13,0,13,0
1349,600,665,0,37.00,51,0,51,0
112,0,90,0,38.00,46,0,46,0
1099,0,797,0,39.00,39,0,39,0
2749,-7,2662,-15,40.00,32,0,2,0
1300,0,1230,0,41.00,13,0,13,0
1198,0,831,0,42.00,3,0,3,0
285,0,161,0,43.00,1,0,1,0
144,0,35,-11,44.00,0,0,0,0
311,0,223,0,45.00,78,0,50,0
196,0,160,0,46.00,0,0,0,0
2100,0,2100,0,47.00,1,0,1,0
521,0,252,21,48.00,0,0,0,0
0,0,0,0,49.00,0,0,0,0
61,0,30,0,50.00,0,0,0,0
1,1,1,1,52.50,0,0,0,0
1,0,1,0,55.00,0,0,0,0