0,0,0,0,2.40,0,0,0,0
0,0,0,0,2.50,0,0,0,0
0,0,0,0,2.60,0,0,0,0
0,0,0,0,2.70,0,0,0,0
0,0,0,0,2.80,0,0,0,0
0,0,0,0,2.90,0,0,0,0
0,0,0,0,3.00,205,0,200,0
0,0,0,0,3.10,1,0,1,0
0,0,0,0,3.20,6,0,6,0
40,0,40,0,3.30,1529,0,1529,0
75,0,50,0,3.40,17,0,14,0
90,0,90,0,3.50,230,0,230,0
0,0,0,0,3.60,669,0,608,0
54,0,50,0,3.70,140,0,60,0
32,0,5,0,3.80,116,10,39,-10
945,0,85,0,3.90,67,12,67,15
124,0,103,5,4.00,35,25,35,25
731,0,726,0,4.10,207,0,165,0
292,40,128,40,4.20,5,0,5,0
438,0,208,0,4.30,0,0,0,0
6,0,5,0,4.40,0,0,0,0
241,0,239,0,4.50,0,0,0,0
8,0,8,0,4.60,0,0,0,0
1,0,1,0,4.70,0,0,0,0
5,0,0,0,4.80,0,0,0,0
1,0,0,0,4.90,0,0,0,0
28,0,5,0,5.00,0,0,0,0
2,0,2,0,5.25,0,0,0,0
0,0,0,0,5.50,0,0,0,0
0,0,0,0,5.75,0,0,0,0
1,0,1,0,6.00,0,0,0,0