0,0,0,0,2.40,0,0,0,0
0,0,0,0,2.50,0,0,0,0
0,0,0,0,2.60,0,0,0,0
0,0,0,0,2.70,0,0,0,0
0,0,0,0,2.80,2,0,2,0
0,0,0,0,2.90,55,0,55,0
0,0,0,0,3.00,748,0,535,0
11,0,0,0,3.10,153,0,153,0
0,0,0,0,3.20,331,0,321,0
340,0,40,0,3.30,2071,0,1750,0
385,0,52,0,3.40,993,0,679,0
376,0,292,0,3.50,1797,0,1765,0
2823,0,2803,0,3.60,1920,0,1798,0
5458,2,4700,2,3.70,1188,0,290,0
3504,0,2717,0,3.80,2019,63,796,-1
2362,0,195,0,3.90,565,68,420,71
812,-7,587,-2,4.00,905,50,551,55
2864,0,922,0,4.10,1269,15,583,15
693,40,316,40,4.20,34,0,32,0
1505,0,1175,0,4.30,0,0,0,0
1295,0,1052,0,4.40,0,0,0,0
582,0,545,0,4.50,0,0,0,0
85,0,83,0,4.60,0,0,0,0
65,0,5,0,4.70,0,0,0,0
109,0,104,0,4.80,0,0,0,0
228,0,227,0,4.90,1,0,1,0
30,0,7,0,5.00,0,0,0,0
2,0,2,0,5.25,0,0,0,0
0,0,0,0,5.50,0,0,0,0
0,0,0,0,5.75,0,0,0,0
1,0,1,0,6.00,0,0,0,0