0,0,0,0,8.75,44,0,44,0
0,0,0,0,9.00,0,0,0,0
0,0,0,0,9.25,300,0,300,0
0,0,0,0,9.50,228,0,228,0
0,0,0,0,9.75,105,0,105,0
8,0,8,0,10.00,212,0,212,0
0,0,0,0,10.50,231,-15,221,-1
2,0,0,0,11.00,389,0,289,4
19,4,19,4,11.50,255,-6,162,-1
56,0,43,0,12.00,583,-20,508,0
249,-5,212,-5,12.50,439,1,292,1
1292,-42,1081,-57,13.00,653,0,645,-2
660,36,618,56,13.50,384,11,279,11
1107,0,866,0,14.00,525,0,386,0
415,0,351,0,14.50,124,0,101,0
264,0,115,0,15.00,130,0,125,0
328,0,202,0,15.50,161,4,67,4
473,0,343,0,16.00,50,0,47,0
470,0,425,0,16.50,10,0,10,0
123,0,105,0,17.00,3,0,3,0
158,0,114,0,17.50,0,0,0,0
101,0,74,0,18.00,0,0,0,0
0,0,0,0,18.50,16,0,16,0
247,0,236,0,19.00,20,0,20,0
5,0,5,0,19.50,0,0,0,0
326,0,180,0,20.00,0,0,0,0
16,0,16,0,21.00,5,0,5,0
64,0,61,0,22.00,0,0,0,0
165,0,165,0,23.00,0,0,0,0
198,0,198,0,24.00,0,0,0,0
135,0,135,0,25.00,0,0,0,0
48,0,48,0,26.00,0,0,0,0
25,0,25,0,27.00,0,0,0,0
15,0,15,0,28.00,0,0,0,0
0,0,0,0,29.00,0,0,0,0
0,0,0,0,30.00,0,0,0,0
18,0,18,0,31.00,0,0,0,0
0,0,0,0,32.00,0,0,0,0
3,0,3,0,33.00,0,0,0,0