0,0,0,0,3.20,0,0,0,0
0,0,0,0,3.30,0,0,0,0
0,0,0,0,3.40,30,30,30,30
0,0,0,0,3.50,40,0,40,0
0,0,0,0,3.60,95,15,95,15
0,0,0,0,3.70,15,0,15,0
20,0,20,0,3.80,80,0,80,0
0,0,0,0,3.90,165,0,135,0
30,0,30,0,4.00,858,0,772,0
5,5,5,5,4.10,282,0,282,0
8,0,8,0,4.20,202,0,202,0
130,0,45,0,4.30,92,0,92,0
45,0,45,0,4.40,420,0,34,0
647,0,638,0,4.50,208,0,56,0
131,5,126,0,4.60,400,0,400,0
910,0,703,0,4.70,600,0,556,0
1162,0,571,0,4.80,31,0,31,0
178,0,51,0,4.90,55,0,38,0
193,-16,171,0,5.00,64,0,64,0
517,0,149,0,5.25,0,-350,0,-11
131,0,38,0,5.50,0,0,0,0
91,0,61,0,5.75,0,0,0,0
52,0,50,0,6.00,0,0,0,0
0,0,0,0,6.25,0,0,0,0
227,0,227,0,6.50,0,0,0,0
0,0,0,0,6.75,0,0,0,0
1,0,1,0,7.00,0,0,0,0
122,0,122,0,7.25,0,0,0,0
214,0,150,0,7.50,0,0,0,0
0,0,0,0,7.75,0,0,0,0
60,0,60,0,8.00,0,0,0,0
0,0,0,0,8.25,0,0,0,0
0,0,0,0,8.50,0,0,0,0
0,0,0,0,8.75,0,0,0,0
0,0,0,0,9.00,0,0,0,0
0,0,0,0,9.25,0,0,0,0
3,0,3,0,9.50,0,0,0,0
0,0,0,0,9.75,0,0,0,0
2,0,2,0,10.00,0,0,0,0