0,0,0,0,8.25,0,0,0,0
0,0,0,0,8.50,0,0,0,0
0,0,0,0,8.75,2,0,2,0
0,0,0,0,9.00,10,0,10,0
0,0,0,0,9.25,31,0,31,0
0,0,0,0,9.50,82,0,82,0
0,0,0,0,9.75,90,0,90,0
2,0,1,0,10.00,16,0,16,0
0,0,0,0,10.50,96,0,96,0
5,0,5,0,11.00,35,0,35,0
0,0,0,0,11.50,33,0,33,0
7,0,7,0,12.00,10,0,10,0
23,0,23,0,12.50,0,0,0,0
61,0,61,0,13.00,0,0,0,0
8,0,8,0,13.50,0,0,0,0
20,0,20,0,14.00,0,0,0,0
20,0,20,0,14.50,0,0,0,0
68,0,68,0,15.00,0,0,0,0
40,0,40,0,15.50,0,0,0,0
10,0,10,0,16.00,0,0,0,0
0,0,0,0,16.50,0,0,0,0
0,0,0,0,17.00,0,0,0,0
3,0,3,0,17.50,0,0,0,0