0,0,0,0,8.00,12,0,12,0
0,0,0,0,8.25,0,0,0,0
0,0,0,0,8.50,8,0,8,0
0,0,0,0,8.75,0,0,0,0
0,0,0,0,9.00,30,0,30,0
0,0,0,0,9.25,1,0,1,0
0,0,0,0,9.50,30,0,30,0
0,0,0,0,9.75,30,30,30,30
0,0,0,0,10.00,119,0,108,0
0,0,0,0,10.50,59,0,59,0
0,0,0,0,11.00,179,0,179,0
0,0,0,0,11.50,47,0,43,0
2,0,2,0,12.00,93,0,75,0
37,0,36,0,12.50,62,0,60,0
110,30,83,30,13.00,23,0,23,0
107,0,107,0,13.50,0,0,0,0
37,0,37,0,14.00,0,0,0,0
19,0,10,0,14.50,2,0,2,0
153,0,153,0,15.00,0,0,0,0
130,0,130,0,15.50,0,0,0,0
0,0,0,0,16.00,2,0,2,0
3,0,3,0,16.50,0,0,0,0
0,0,0,0,17.00,0,0,0,0
10,0,10,0,17.50,0,0,0,0
9,0,9,0,18.00,0,0,0,0