0,0,0,0,8.00,12,0,12,0
0,0,0,0,8.25,0,0,0,0
0,0,0,0,8.50,25,0,25,0
0,0,0,0,8.75,55,21,55,21
1,0,1,0,9.00,83,0,82,0
0,0,0,0,9.25,85,0,85,0
0,0,0,0,9.50,226,4,226,4
0,0,0,0,9.75,420,30,371,30
24,0,3,0,10.00,478,5,421,5
50,-10,40,-10,10.50,787,0,756,0
240,0,190,0,11.00,2657,-23,2486,-24
389,0,255,0,11.50,1656,22,1599,22
781,0,631,0,12.00,1082,-7,693,-7
1292,1,1272,1,12.50,548,0,524,0
2625,67,2529,70,13.00,1672,0,1658,0
1076,7,886,6,13.50,30,0,30,0
11640,0,1609,0,14.00,0,0,0,0
381,0,365,0,14.50,2,0,2,0
1421,0,1309,0,15.00,0,0,0,0
581,0,560,0,15.50,0,0,0,0
65,0,65,0,16.00,2,0,2,0
86,0,86,0,16.50,0,0,0,0
56,0,56,0,17.00,0,0,0,0
13,0,13,0,17.50,0,0,0,0
9,0,9,0,18.00,0,0,0,0
10,0,10,0,18.50,0,0,0,0
2,0,1,0,19.00,0,0,0,0