0,0,0,0,4.00,203,0,108,0
0,0,0,0,4.10,80,0,50,0
0,0,0,0,4.20,0,0,0,0
0,0,0,0,4.30,50,0,50,0
0,0,0,0,4.40,37,0,37,0
0,0,0,0,4.50,40,0,40,0
0,0,0,0,4.60,0,0,0,0
0,0,0,0,4.70,50,0,50,0
0,0,0,0,4.80,0,0,0,0
0,0,0,0,4.90,50,0,50,0
0,0,0,0,5.00,137,0,137,0
0,0,0,0,5.25,264,0,264,0
0,0,0,0,5.50,608,0,608,0
0,0,0,0,5.75,523,0,523,0
16,0,12,0,6.00,651,0,639,0
0,0,0,0,6.25,551,0,524,0
54,0,54,0,6.50,747,0,618,0
12,-1,12,-1,6.75,1514,-2,1419,-2
106,15,73,15,7.00,1987,2,1718,-6
72,0,72,0,7.25,1486,30,1356,38
614,0,549,-1,7.50,2196,-31,2077,-25
1347,0,1279,0,7.75,1833,3,1515,2
1175,5,1102,4,8.00,3948,-93,3727,-91
1266,6,1173,4,8.25,2606,0,2498,0
2345,77,2272,88,8.50,2647,10,2610,10
1910,0,1731,0,8.75,915,0,878,0
2646,90,2338,16,9.00,536,0,303,0
686,17,592,11,9.25,732,0,716,0
840,0,757,0,9.50,882,0,863,0
1526,2,1504,2,9.75,426,0,409,0
670,19,660,19,10.00,94,0,89,0
2173,0,2018,0,10.50,3,0,3,0
993,1,908,1,11.00,37,0,37,0
866,0,760,0,11.50,40,0,40,0
1391,0,1293,0,12.00,39,0,39,0
459,0,394,0,12.50,17,0,17,0
265,0,263,0,13.00,16,0,16,0
238,0,235,0,13.50,0,0,0,0
83,0,66,0,14.00,0,0,0,0
85,0,79,0,14.50,0,0,0,0
182,0,164,0,15.00,0,0,0,0
2,0,2,0,15.50,0,0,0,0
56,0,51,0,16.00,0,0,0,0
1,0,1,0,16.50,0,0,0,0
53,0,53,0,17.00,0,0,0,0
0,0,0,0,17.50,0,0,0,0
124,0,124,0,18.00,0,0,0,0