0,0,0,0,14.00,12,0,12,0
0,0,0,0,14.50,0,0,0,0
0,0,0,0,15.00,0,0,0,0
0,0,0,0,15.50,75,0,45,0
0,0,0,0,16.00,90,0,90,0
0,0,0,0,16.50,105,15,90,15
0,0,0,0,17.00,88,30,88,30
0,0,0,0,17.50,107,30,107,30
0,0,0,0,18.00,148,0,133,0
0,0,0,0,18.50,132,0,25,0
15,0,15,0,19.00,140,0,111,0
85,0,63,0,19.50,59,0,46,0
33,1,27,1,20.00,127,0,109,0
224,0,130,0,21.00,148,0,23,0
182,0,150,0,22.00,166,0,112,0
64,4,35,0,23.00,32,0,15,0
96,1,95,1,24.00,116,0,116,0
140,0,96,0,25.00,19,0,15,0
72,0,65,0,26.00,17,0,17,0
65,-8,53,-15,27.00,3,0,3,0
58,0,58,0,28.00,0,0,0,0
72,0,72,0,29.00,1,0,1,0
61,0,61,0,30.00,15,0,15,0
29,0,29,0,31.00,0,0,0,0
45,0,45,0,32.00,0,0,0,0
31,0,15,0,33.00,0,0,0,0
30,0,14,0,34.00,0,0,0,0
16,0,14,0,35.00,0,0,0,0
0,0,0,0,36.00,0,0,0,0
28,0,28,0,37.00,0,0,0,0
1,0,1,0,38.00,0,0,0,0
0,0,0,0,39.00,0,0,0,0
45,0,45,0,40.00,0,0,0,0
1,0,1,0,41.00,0,0,0,0
16,0,1,0,42.00,0,0,0,0
0,0,0,0,43.00,0,0,0,0
0,0,0,0,44.00,0,0,0,0
1,0,1,0,45.00,0,0,0,0
0,0,0,0,46.00,0,0,0,0
0,0,0,0,47.00,0,0,0,0
0,0,0,0,48.00,0,0,0,0
0,0,0,0,49.00,0,0,0,0
22,0,0,0,50.00,0,0,0,0
12,0,12,0,52.50,0,0,0,0