44,-4,39,-4,200.00,301,0,260,0
0,0,0,0,205.00,156,0,118,0
5,0,2,0,210.00,5039,21,5039,21
27,0,15,0,215.00,1800,0,1652,20
15,0,3,0,220.00,528,0,389,0
3,0,1,0,225.00,516,0,471,0
9,0,5,0,230.00,860,0,701,0
12,0,2,0,235.00,757,44,657,44
9,0,6,0,240.00,345,0,129,0
12,0,5,0,245.00,543,0,389,0
278,0,269,0,250.00,5038,0,4710,0
6,0,4,0,255.00,549,10,534,10
332,0,65,0,260.00,2397,0,1772,0
258,0,20,0,265.00,2563,0,2353,0
1067,0,120,-1,270.00,8087,30,6533,30
1421,-1,399,-1,275.00,6671,0,5293,0
372,1,148,1,280.00,8699,2,8541,2
325,0,201,0,285.00,3125,0,2916,0
905,0,767,0,290.00,679,0,622,2
300,0,187,0,295.00,871,0,791,0
2366,1,2095,0,300.00,1719,2,1717,2
1016,0,922,0,310.00,868,0,687,0
1479,1,1263,0,320.00,671,0,437,0
922,0,814,0,330.00,242,0,108,0
492,0,395,0,340.00,10,0,8,0
721,6,627,0,350.00,54,0,44,0
4323,0,4050,0,360.00,96,0,96,0
287,0,268,0,370.00,75,10,60,0
278,0,161,0,380.00,15,2,7,2
324,0,163,0,390.00,4,0,1,0
751,0,397,0,400.00,38,0,28,-1
360,0,316,0,410.00,1,0,1,0
627,0,490,0,420.00,14,0,13,0
573,0,351,0,430.00,5,0,5,0
371,0,370,0,440.00,0,0,0,0
5474,5,5189,5,450.00,12,0,4,0
95,0,95,0,460.00,0,0,0,0
0,0,0,0,470.00,0,0,0,0
172,0,158,0,480.00,2,2,2,2
59,2,57,0,490.00,2,2,2,2
344,0,343,0,500.00,0,0,0,0