0,0,0,0,7.25,105,0,105,0
0,0,0,0,7.50,5,0,5,0
0,0,0,0,7.75,4,0,2,0
0,0,0,0,8.00,62,0,62,0
0,0,0,0,8.25,201,25,187,25
0,0,0,0,8.50,217,5,215,5
0,0,0,0,8.75,178,5,178,5
47,47,47,47,9.00,1048,8,1014,40
236,60,226,53,9.25,132,0,132,0
150,12,150,30,9.50,143,4,95,-31
331,67,259,66,9.75,165,0,165,0
275,27,268,24,10.00,942,0,897,0
516,0,229,0,10.50,294,0,293,0
1359,0,1324,0,11.00,443,0,441,0
366,0,199,0,11.50,158,0,158,0
163,0,135,0,12.00,412,0,171,0
204,0,204,0,12.50,112,0,112,0
289,0,289,0,13.00,2,0,2,0
226,0,206,0,13.50,0,0,0,0
549,0,544,0,14.00,0,0,0,0
35,0,32,0,14.50,0,0,0,0
70,0,60,0,15.00,0,0,0,0
0,0,0,0,15.50,0,0,0,0
0,0,0,0,16.00,0,0,0,0
0,0,0,0,16.50,0,0,0,0
0,0,0,0,17.00,0,0,0,0
0,0,0,0,17.50,0,0,0,0
0,0,0,0,18.00,0,0,0,0
0,0,0,0,18.50,0,0,0,0