0,0,0,0,29.00,28,0,28,0
0,0,0,0,30.00,0,0,0,0
0,0,0,0,31.00,0,0,0,0
0,0,0,0,32.00,61,0,10,0
0,0,0,0,33.00,19,0,19,0
0,0,0,0,34.00,12,0,12,0
0,0,0,0,35.00,24,0,20,0
0,0,0,0,36.00,64,-1,20,0
0,0,0,0,37.00,227,0,204,0
0,0,0,0,38.00,168,-10,168,-10
50,0,15,0,39.00,170,0,56,0
302,0,266,0,40.00,512,0,487,0
86,0,32,0,41.00,314,-2,310,1
72,0,33,0,42.00,181,0,112,0
137,0,131,0,43.00,184,0,158,0
374,0,328,0,44.00,205,0,174,0
205,0,108,0,45.00,15,0,0,0
271,7,271,7,46.00,0,0,0,0
243,0,186,0,47.00,0,0,0,0
640,0,640,0,48.00,0,0,0,0
585,0,585,0,49.00,0,0,0,0
620,1,575,4,50.00,0,0,0,0
528,0,503,0,52.50,0,0,0,0
59,0,2,0,55.00,0,0,0,0
0,0,0,0,57.50,0,0,0,0
0,0,0,0,60.00,0,0,0,0
1,0,0,0,62.50,0,0,0,0