0,0,0,0,7.75,0,0,0,0
0,0,0,0,8.00,0,0,0,0
0,0,0,0,8.25,53,0,53,0
0,0,0,0,8.50,50,50,50,50
0,0,0,0,8.75,2,0,2,0
15,0,0,0,9.00,93,0,12,0
0,0,0,0,9.25,0,0,0,0
0,0,0,0,9.50,5,5,5,5
0,0,0,0,9.75,41,13,41,13
8,0,8,0,10.00,21,0,17,0
1037,2,1037,2,10.50,2040,17,2000,0
7,3,7,5,11.00,194,0,185,0
113,20,93,0,11.50,93,0,93,0
54,-10,53,-10,12.00,5,0,5,0
30,0,30,0,12.50,0,0,0,0
117,0,102,0,13.00,0,0,0,0
15,0,2,0,13.50,0,0,0,0
8,0,8,0,14.00,0,0,0,0
40,0,40,0,14.50,0,0,0,0
65,0,60,0,15.00,0,0,0,0
130,0,130,0,15.50,0,0,0,0
0,0,0,0,16.00,0,0,0,0
65,0,65,0,16.50,0,0,0,0
35,0,20,0,17.00,0,0,0,0
0,0,0,0,17.50,0,0,0,0
0,0,0,0,18.00,0,0,0,0
0,0,0,0,18.50,0,0,0,0
0,0,0,0,19.00,0,0,0,0
5,0,5,0,19.50,0,0,0,0