0,0,0,0,50.00,0,0,0,0
0,0,0,0,52.50,117,67,117,67
0,0,0,0,55.00,89,0,81,0
0,0,0,0,57.50,16,0,16,0
0,0,0,0,60.00,134,0,121,-10
0,0,0,0,62.50,172,-2,169,0
0,0,0,0,65.00,232,17,218,8
71,0,71,0,67.50,521,2,247,4
351,-6,286,0,70.00,404,-6,394,2
474,-151,261,-151,72.50,719,-17,342,0
525,62,307,46,75.00,488,-11,288,-15
507,3,471,0,77.50,256,0,190,0
306,0,288,0,80.00,414,0,313,0
558,0,308,0,82.50,86,0,86,0
324,0,306,0,85.00,57,0,57,0
281,0,183,0,87.50,0,0,0,0
122,0,56,0,90.00,0,0,0,0
160,0,100,0,92.50,0,0,0,0
15,0,15,0,95.00,0,0,0,0
30,0,15,0,97.50,0,0,0,0
47,0,47,0,100.00,0,0,0,0
23,0,23,0,102.50,0,0,0,0
25,0,25,0,105.00,0,0,0,0
120,0,120,0,107.50,0,0,0,0