0,0,0,0,16.00,0,0,0,0
0,0,0,0,16.50,0,0,0,0
0,0,0,0,17.00,0,0,0,0
0,0,0,0,17.50,0,0,0,0
0,0,0,0,18.00,0,0,0,0
0,0,0,0,18.50,0,0,0,0
0,0,0,0,19.00,0,0,0,0
0,0,0,0,19.50,0,0,0,0
10,2,10,2,20.00,0,0,0,0
0,0,0,0,21.00,0,0,0,0
0,0,0,0,22.00,0,0,0,0
0,0,0,0,23.00,0,0,0,0
0,0,0,0,24.00,0,0,0,0
0,0,0,0,25.00,0,0,0,0
0,0,0,0,26.00,40,0,40,0
0,0,0,0,27.00,85,0,42,0
0,0,0,0,28.00,12,0,2,0
0,0,0,0,29.00,92,0,78,0
23,6,15,-2,30.00,20,0,20,0
60,0,60,0,31.00,136,0,109,0
60,0,60,0,32.00,202,0,122,0
2,0,0,0,33.00,390,0,205,0
0,0,0,0,34.00,309,0,277,0
0,0,0,0,35.00,377,-62,245,-71
31,31,31,31,36.00,262,-3,248,-3
1,0,0,0,37.00,743,-12,605,34
6,0,6,0,38.00,1161,6,1021,3
27,0,26,0,39.00,848,27,222,17
223,0,192,0,40.00,579,1,320,11
413,-4,258,-1,41.00,615,7,301,-44
317,0,309,0,42.00,545,-24,428,8
558,27,534,28,43.00,820,21,524,21
1026,17,997,18,44.00,1742,-31,1381,-29
940,24,888,20,45.00,830,1,702,-12
844,-85,804,-86,46.00,1067,-1,964,0
890,20,332,-5,47.00,1932,-1,1619,-1
508,-2,328,3,48.00,400,0,394,0
2821,0,2162,0,49.00,518,0,517,0
1119,8,1017,0,50.00,698,0,286,0
1416,148,1245,148,52.50,1559,0,1555,0
1546,0,1528,0,55.00,936,0,927,0
457,0,439,0,57.50,0,0,0,0
1362,0,904,0,60.00,15,0,15,0
752,0,684,0,62.50,0,0,0,0
2290,0,2125,0,65.00,0,0,0,0
457,0,394,0,67.50,0,0,0,0
1306,0,934,0,70.00,3,0,1,0
791,0,560,0,72.50,0,0,0,0
499,0,490,0,75.00,0,0,0,0
356,0,356,0,77.50,0,0,0,0
480,0,451,0,80.00,0,0,0,0
195,0,195,0,82.50,0,0,0,0
152,0,152,0,85.00,0,0,0,0
276,0,135,0,87.50,0,0,0,0
127,0,5,0,90.00,0,0,0,0
610,0,610,0,92.50,0,0,0,0
0,0,0,0,95.00,0,0,0,0
121,0,74,0,97.50,0,0,0,0
245,0,138,0,100.00,0,0,0,0
114,0,114,0,102.50,0,0,0,0
28,0,0,0,105.00,0,0,0,0
28,0,0,0,107.50,0,0,0,0
71,0,0,0,110.00,0,0,0,0
56,0,0,0,112.50,0,0,0,0
28,0,0,0,115.00,0,0,0,0
0,0,0,0,117.50,0,0,0,0
56,0,0,0,120.00,0,0,0,0
28,0,0,0,122.50,0,0,0,0
0,0,0,0,125.00,0,0,0,0
0,0,0,0,127.50,0,0,0,0
0,0,0,0,130.00,0,0,0,0
71,0,0,0,132.50,0,0,0,0
0,0,0,0,135.00,0,0,0,0
0,0,0,0,137.50,0,0,0,0
0,0,0,0,140.00,0,0,0,0
0,0,0,0,142.50,0,0,0,0
0,0,0,0,145.00,0,0,0,0
0,0,0,0,147.50,0,0,0,0
0,0,0,0,150.00,0,0,0,0