0,0,0,0,12.00,0,0,0,0
0,0,0,0,12.50,0,0,0,0
0,0,0,0,13.00,0,0,0,0
0,0,0,0,13.50,15,0,15,0
0,0,0,0,14.00,15,0,15,0
0,0,0,0,14.50,15,0,15,0
0,0,0,0,15.00,15,0,15,0
0,0,0,0,15.50,15,0,15,0
0,0,0,0,16.00,15,0,15,0
230,0,0,0,16.50,260,15,30,15
230,0,0,0,17.00,260,0,30,0
0,0,0,0,17.50,30,15,30,15
0,0,0,0,18.00,15,0,15,0
0,0,0,0,18.50,36,15,36,15
30,0,30,0,19.00,27,0,27,0
154,0,154,0,19.50,266,0,64,0
32,0,32,0,20.00,16,1,16,1
31,1,30,0,21.00,0,0,0,0
25,10,25,10,22.00,0,0,0,0
126,0,126,0,23.00,0,0,0,0
15,0,15,0,24.00,0,0,0,0
30,0,30,0,25.00,0,0,0,0
15,0,15,0,26.00,0,0,0,0
0,0,0,0,27.00,0,0,0,0