0,0,0,0,10.50,56,0,56,0
0,0,0,0,11.00,0,0,0,0
0,0,0,0,11.50,17,0,17,0
0,0,0,0,12.00,56,0,56,0
0,0,0,0,12.50,189,0,189,0
0,0,0,0,13.00,45,0,35,0
0,0,0,0,13.50,142,0,142,0
1,0,1,0,14.00,244,0,243,0
0,0,0,0,14.50,242,0,242,0
0,0,0,0,15.00,121,8,73,-10
15,0,15,0,15.50,42,-1,42,0
16,0,15,0,16.00,432,0,299,0
30,0,17,0,16.50,130,15,30,0
98,0,98,0,17.00,222,25,222,25
306,-2,306,-2,17.50,133,47,88,47
117,-22,117,-22,18.00,611,10,430,20
359,2,334,-5,18.50,1343,-12,1343,-12
548,-4,429,-9,19.00,152,6,134,9
320,-18,304,-30,19.50,58,0,47,0
582,2,549,3,20.00,212,24,198,10
207,0,174,4,21.00,86,-243,58,-250
675,208,664,208,22.00,15,0,15,0
224,40,212,37,23.00,51,0,18,0
766,4,731,0,24.00,60,0,60,0
524,10,513,0,25.00,5,0,5,0
202,0,164,0,26.00,0,0,0,0
211,0,160,14,27.00,15,0,15,0
178,0,178,0,28.00,30,0,30,0
27,0,22,0,29.00,0,0,0,0
165,0,165,0,30.00,0,0,0,0
48,0,30,0,31.00,0,0,0,0
0,0,0,0,32.00,0,0,0,0
166,0,156,0,33.00,0,0,0,0
1,0,1,0,34.00,0,0,0,0
68,0,53,0,35.00,0,0,0,0
12,0,12,0,36.00,0,0,0,0
0,0,0,0,37.00,0,0,0,0
15,0,15,0,38.00,0,0,0,0
0,0,0,0,39.00,0,0,0,0
0,0,0,0,40.00,0,0,0,0
2,0,2,0,41.00,0,0,0,0
30,0,30,0,42.00,0,0,0,0
380,0,380,0,43.00,0,0,0,0
0,0,0,0,44.00,0,0,0,0
15,0,15,0,45.00,0,0,0,0
173,0,173,0,46.00,0,0,0,0
30,0,15,0,47.00,0,0,0,0
30,0,18,0,48.00,0,0,0,0
15,0,15,0,49.00,0,0,0,0
15,0,15,0,50.00,0,0,0,0
15,0,15,0,52.50,0,0,0,0
30,0,30,0,55.00,0,0,0,0
15,0,15,0,57.50,0,0,0,0
15,0,15,0,60.00,0,0,0,0
15,0,15,0,62.50,0,0,0,0
0,0,0,0,65.00,0,0,0,0
58,0,48,0,67.50,0,0,0,0
0,0,0,0,70.00,0,0,0,0
0,0,0,0,72.50,0,0,0,0
15,0,15,0,75.00,0,0,0,0
0,0,0,0,77.50,0,0,0,0
0,0,0,0,80.00,0,0,0,0
0,0,0,0,82.50,0,0,0,0
0,0,0,0,85.00,0,0,0,0
0,0,0,0,87.50,15,0,15,0
0,0,0,0,90.00,15,0,15,0
0,0,0,0,92.50,15,0,15,0