0,0,0,0,10.50,0,0,0,0
0,0,0,0,11.00,0,0,0,0
0,0,0,0,11.50,0,0,0,0
0,0,0,0,12.00,126,0,126,0
0,0,0,0,12.50,111,0,111,0
0,0,0,0,13.00,1900,0,1900,0
0,0,0,0,13.50,53,0,43,0
0,0,0,0,14.00,251,0,199,0
104,0,46,0,14.50,410,0,115,0
0,0,0,0,15.00,379,0,167,0
68,0,0,0,15.50,411,-10,206,-10
68,0,28,0,16.00,301,0,227,0
195,0,123,0,16.50,934,0,918,0
554,0,126,0,17.00,415,0,242,0
1268,0,1216,0,17.50,439,0,426,0
595,-5,331,8,18.00,1790,69,1580,89
505,-71,232,-49,18.50,758,10,547,0
688,-17,479,-12,19.00,556,93,498,36
1251,-17,818,35,19.50,708,80,708,80
383,-135,166,-61,20.00,199,-14,54,-23
1018,15,638,-123,21.00,194,3,194,3
1038,23,762,26,22.00,212,0,199,0
675,34,631,31,23.00,264,0,264,0
679,15,678,15,24.00,15,0,15,0
208,5,203,0,25.00,0,0,0,0
342,0,337,0,26.00,0,0,0,0
122,0,82,0,27.00,0,0,0,0
289,0,281,0,28.00,0,0,0,0
20,0,15,0,29.00,0,0,0,0
6,0,4,0,30.00,0,0,0,0
0,0,0,0,31.00,0,0,0,0
126,0,102,0,32.00,0,0,0,0
142,0,138,0,33.00,0,0,0,0
0,0,0,0,34.00,0,0,0,0
20,0,20,0,35.00,0,0,0,0
17,0,17,0,36.00,0,0,0,0
0,0,0,0,37.00,0,0,0,0