0,0,0,0,180.00,959,0,639,0
0,0,0,0,182.50,133,0,93,0
0,0,0,0,185.00,149,0,138,0
0,0,0,0,187.50,1,0,1,0
0,0,0,0,190.00,1,0,1,0
0,0,0,0,192.50,268,0,268,0
0,0,0,0,195.00,1,0,1,0
0,0,0,0,197.50,32,0,32,0
1,0,1,0,200.00,253,0,115,0
0,0,0,0,205.00,616,0,345,0
0,0,0,0,210.00,186,0,74,0
41,0,30,0,215.00,359,0,292,0
157,0,67,0,220.00,490,30,342,30
655,0,655,0,225.00,2121,0,1987,-3
414,0,414,0,230.00,1314,0,1244,0
404,0,341,0,235.00,185,7,138,-20
199,0,77,0,240.00,194,-39,161,-43
263,-60,263,-60,245.00,468,-31,467,-31
472,0,415,-27,250.00,806,0,738,0
175,0,140,0,255.00,329,0,267,0
414,-60,384,-60,260.00,616,0,576,0
470,0,386,0,265.00,276,0,182,0
265,0,222,0,270.00,196,0,114,0
400,10,331,10,275.00,227,0,227,0
687,0,620,-15,280.00,431,0,223,0
724,0,307,0,285.00,524,0,192,0
239,17,110,5,290.00,609,0,601,0
456,31,274,-34,295.00,15,0,15,0
473,0,471,0,300.00,1521,0,957,0
1360,0,1218,0,310.00,199,5,107,0
297,0,247,0,320.00,604,0,386,0
261,0,193,0,330.00,155,0,155,0
883,0,627,0,340.00,1619,132,1332,90
756,0,462,0,350.00,8,0,4,0
1206,0,1070,0,360.00,358,0,321,0
987,0,779,0,370.00,0,0,0,0
374,0,223,0,380.00,3,0,3,0
66,0,66,0,390.00,30,0,30,0
275,0,260,0,400.00,2,0,2,0
338,0,72,0,410.00,0,0,0,0
2320,82,2073,82,420.00,0,0,0,0
1506,0,773,0,430.00,0,0,0,0