0,0,0,0,180.00,11,0,4,-2
0,0,0,0,182.50,0,0,0,0
0,0,0,0,185.00,29,0,29,0
0,0,0,0,187.50,1,0,1,0
1,0,1,0,190.00,23,0,22,0
2,0,2,0,192.50,191,0,178,0
0,0,0,0,195.00,180,0,180,0
0,0,0,0,197.50,28,0,28,0
82,0,82,0,200.00,687,0,671,0
0,0,0,0,205.00,275,0,254,0
9,0,9,0,210.00,286,0,132,-2
0,0,0,0,215.00,181,2,181,2
138,0,135,0,220.00,250,0,198,0
80,0,80,0,225.00,384,0,384,0
85,0,65,0,230.00,183,0,183,0
203,0,138,0,235.00,152,0,98,0
224,0,155,0,240.00,182,10,84,10
208,0,166,0,245.00,304,204,282,186
329,0,245,0,250.00,229,0,217,16
141,0,120,0,255.00,42,0,11,0
242,2,242,2,260.00,55,0,55,0
56,0,21,0,265.00,229,5,14,10
139,43,119,40,270.00,125,50,100,50
31,0,31,0,275.00,3,0,3,0
119,-4,118,3,280.00,22,0,22,0
69,2,69,2,285.00,47,0,26,0
166,0,156,0,290.00,19,0,19,0
199,0,197,0,295.00,1,0,1,0
563,0,381,1,300.00,39,0,16,0
105,1,55,1,310.00,10,0,10,0
430,0,284,0,320.00,8,2,7,2
143,2,108,2,330.00,11,0,11,0
316,0,235,0,340.00,8,0,7,0
307,0,125,0,350.00,5,0,5,0
38,0,38,0,360.00,0,0,0,0
101,0,74,0,370.00,0,0,0,0
818,0,672,0,380.00,0,0,0,0