0,0,0,0,2.30,0,0,0,0
0,0,0,0,2.40,100,0,100,0
0,0,0,0,2.50,130,0,130,0
0,0,0,0,2.60,652,362,652,362
0,0,0,0,2.70,808,0,808,0
0,0,0,0,2.80,660,0,600,0
0,0,0,0,2.90,230,30,230,30
0,0,0,0,3.00,363,0,334,0
2,0,1,-1,3.10,186,0,4,0
5,0,0,0,3.20,1106,0,1009,0
91,0,3,0,3.30,524,0,362,0
1160,26,254,80,3.40,788,10,350,10
2476,30,817,30,3.50,1062,16,598,46
1457,540,1333,546,3.60,587,0,427,0
2520,1776,2476,1802,3.70,229,0,132,0
263,50,146,50,3.80,702,0,500,-2
2978,0,2946,0,3.90,418,0,9,0
1210,0,1154,0,4.00,30,0,30,0
362,0,337,0,4.10,620,0,5,0
197,0,88,0,4.20,10,0,10,0
68,0,68,0,4.30,0,0,0,0
72,0,72,0,4.40,0,0,0,0
174,0,170,0,4.50,12,0,12,0
17,0,17,0,4.60,0,0,0,0
10,0,8,0,4.70,154,0,79,0
280,0,280,0,4.80,0,0,0,0
2,0,0,0,4.90,0,0,0,0
230,0,225,0,5.00,10,0,10,0
102,0,100,0,5.25,0,0,0,0
295,0,195,0,5.50,0,0,0,0
500,0,500,0,5.75,0,0,0,0
23,0,23,0,6.00,0,0,0,0
10,0,10,0,6.25,0,0,0,0
205,0,25,0,6.50,0,0,0,0
250,0,250,0,6.75,0,0,0,0
28,0,28,0,7.00,0,0,0,0
0,0,0,0,7.25,0,0,0,0
51,0,28,0,7.50,0,0,0,0
0,0,0,0,7.75,0,0,0,0