0,0,0,0,5.50,7,0,7,0
0,0,0,0,5.75,229,0,224,0
0,0,0,0,6.00,64,0,59,0
0,0,0,0,6.25,280,0,280,0
0,0,0,0,6.50,569,0,357,0
216,0,216,0,6.75,753,0,519,0
425,0,421,0,7.00,964,100,884,100
237,0,182,0,7.25,811,0,754,0
3342,0,3336,0,7.50,1429,0,1333,0
900,0,708,0,7.75,2107,36,1528,2
12462,-20,12036,0,8.00,2687,40,2162,40
481,0,476,0,8.25,1917,-5,1695,29
1080,-54,724,-68,8.50,967,11,862,10
1355,-2,1318,30,8.75,1639,0,1574,0
2255,40,2175,8,9.00,1794,0,1415,0
1921,10,1491,10,9.25,1752,0,1565,-3
27181,-100,26789,-100,9.50,1186,0,984,0
2444,11,1810,11,9.75,2303,0,1821,0
1569,0,1351,0,10.00,2466,0,2144,0
1479,0,1407,0,10.50,2846,0,2584,0
17426,0,17101,0,11.00,274,0,152,0
1904,0,1259,0,11.50,781,0,739,0
1748,0,1487,0,12.00,17,0,0,0
1965,0,1573,0,12.50,25,0,10,0
1297,0,801,0,13.00,9,0,9,0
330,0,152,0,13.50,0,0,0,0
1121,0,544,0,14.00,0,0,0,0
176,0,123,0,14.50,0,0,0,0
565,0,253,0,15.00,0,0,0,0
354,0,309,0,15.50,0,0,0,0
1034,0,918,0,16.00,25,0,25,0
329,0,313,0,16.50,0,0,0,0