0,0,0,0,5.75,0,0,0,0
0,0,0,0,6.00,0,0,0,0
0,0,0,0,6.25,0,0,0,0
0,0,0,0,6.50,0,0,0,0
0,0,0,0,6.75,0,0,0,0
0,0,0,0,7.00,0,0,0,0
0,0,0,0,7.25,0,0,0,0
0,0,0,0,7.50,0,0,0,0
0,0,0,0,7.75,0,0,0,0
0,0,0,0,8.00,0,0,0,0
0,0,0,0,8.25,0,0,0,0
0,0,0,0,8.50,0,0,0,0
0,0,0,0,8.75,0,0,0,0
0,0,0,0,9.00,2,0,1,0
0,0,0,0,9.25,60,0,60,0
0,0,0,0,9.50,0,0,0,0
40,0,40,0,9.75,0,0,0,0
49,0,49,0,10.00,2,0,2,0
8,0,7,0,10.50,15,0,15,0
109,0,4,0,11.00,30,0,30,0
26,-1,12,-1,11.50,0,0,0,0
80,0,12,0,12.00,0,0,0,0
15,0,9,0,12.50,0,0,0,0
30,26,26,22,13.00,5,5,5,5
0,0,0,0,13.50,0,0,0,0
0,0,0,0,14.00,0,0,0,0
0,0,0,0,14.50,0,0,0,0
0,0,0,0,15.00,0,0,0,0
1,0,1,0,15.50,0,0,0,0
0,0,0,0,16.00,0,0,0,0
0,0,0,0,16.50,0,0,0,0
0,0,0,0,17.00,0,0,0,0