0,0,0,0,5.75,0,0,0,0
0,0,0,0,6.00,0,0,0,0
0,0,0,0,6.25,0,0,0,0
0,0,0,0,6.50,0,0,0,0
0,0,0,0,6.75,0,0,0,0
0,0,0,0,7.00,0,0,0,0
1,0,1,0,7.25,0,0,0,0
0,0,0,0,7.50,0,0,0,0
0,0,0,0,7.75,50,0,50,0
0,0,0,0,8.00,0,0,0,0
0,0,0,0,8.25,38,0,38,0
0,0,0,0,8.50,7,0,7,0
0,0,0,0,8.75,0,0,0,0
0,0,0,0,9.00,57,0,56,0
20,0,20,0,9.25,305,0,285,0
24,0,24,0,9.50,29,0,29,0
100,0,100,0,9.75,60,0,50,0
89,0,89,0,10.00,3,0,3,0
35,-4,34,5,10.50,15,0,15,0
528,0,254,0,11.00,32,0,32,0
150,-10,128,-1,11.50,0,0,0,0
241,13,158,13,12.00,66,41,45,20
166,-110,160,-110,12.50,51,32,51,36
243,22,168,-2,13.00,5,5,5,5
317,217,317,217,13.50,0,0,0,0
17,12,17,12,14.00,0,0,0,0
3,0,2,0,14.50,0,0,0,0
2,0,2,0,15.00,0,0,0,0
1,0,1,0,15.50,0,0,0,0
0,0,0,0,16.00,0,0,0,0
0,0,0,0,16.50,0,0,0,0
0,0,0,0,17.00,0,0,0,0