0,0,0,0,11.50,0,0,0,0
0,0,0,0,12.00,1,0,1,0
0,0,0,0,12.50,0,0,0,0
0,0,0,0,13.00,0,0,0,0
0,0,0,0,13.50,0,0,0,0
0,0,0,0,14.00,12,0,12,0
0,0,0,0,14.50,10,0,10,0
0,0,0,0,15.00,0,0,0,0
0,0,0,0,15.50,3,0,3,0
0,0,0,0,16.00,0,0,0,0
0,0,0,0,16.50,0,0,0,0
0,0,0,0,17.00,27,0,27,0
0,0,0,0,17.50,8,0,8,0
0,0,0,0,18.00,60,0,60,0
0,0,0,0,18.50,24,0,24,0
35,0,35,0,19.00,69,0,69,0
45,0,45,0,19.50,72,0,72,0
60,0,60,0,20.00,53,0,49,0
45,0,45,0,21.00,89,1,89,1
51,0,51,0,22.00,120,0,94,0
78,0,72,0,23.00,96,0,91,0
69,0,62,0,24.00,90,6,86,6
120,0,120,0,25.00,38,-11,38,-11
153,40,152,40,26.00,53,15,53,15
64,0,64,0,27.00,0,0,0,0
223,0,223,0,28.00,0,0,0,0
65,0,65,0,29.00,0,0,0,0
85,0,85,0,30.00,0,0,0,0
46,0,46,0,31.00,0,0,0,0
59,0,59,0,32.00,0,0,0,0
38,0,38,0,33.00,0,0,0,0
13,0,13,0,34.00,0,0,0,0
0,0,0,0,35.00,0,0,0,0