0,0,0,0,7.50,120,0,120,0
0,0,0,0,7.75,129,0,124,0
0,0,0,0,8.00,251,0,251,0
0,0,0,0,8.25,355,0,355,0
0,0,0,0,8.50,136,0,136,0
0,0,0,0,8.75,161,0,161,0
0,0,0,0,9.00,460,0,460,0
0,0,0,0,9.25,921,0,677,0
0,0,0,0,9.50,948,0,946,0
0,0,0,0,9.75,136,0,136,0
20,0,20,0,10.00,791,0,618,0
0,0,0,0,10.50,376,0,346,0
147,0,142,0,11.00,1164,0,1164,0
902,0,877,0,11.50,1814,0,1622,0
716,0,706,0,12.00,3228,0,3055,0
1050,0,1038,0,12.50,1920,400,1920,400
1385,0,1102,0,13.00,1907,1,1305,0
1158,0,1157,0,13.50,319,0,319,0
298,0,298,0,14.00,404,0,404,0
2442,-3,2442,-3,14.50,1785,0,1690,-2
1879,0,1879,0,15.00,2030,1200,2030,1200
3303,0,3303,10,15.50,122,17,122,17
2004,0,1949,0,16.00,164,0,164,0
1798,0,1707,0,16.50,395,0,361,0
3213,0,3210,0,17.00,60,0,60,0
2226,0,2129,0,17.50,30,0,30,0
406,0,406,0,18.00,1,0,1,0
88,0,20,0,18.50,1,0,1,0
199,0,21,0,19.00,62,0,31,0
251,0,200,0,19.50,2,0,2,0
90,0,90,0,20.00,0,0,0,0
100,0,100,0,21.00,0,0,0,0