0,0,0,0,49.00,15,0,15,0
16,0,16,0,50.00,32,0,5,0
0,0,0,0,52.50,1,0,1,0
0,0,0,0,55.00,63,0,63,0
0,0,0,0,57.50,60,0,60,0
0,0,0,0,60.00,72,0,45,0
0,0,0,0,62.50,125,0,70,0
0,0,0,0,65.00,114,0,81,0
15,0,15,0,67.50,109,0,48,0
15,0,15,0,70.00,135,0,108,0
98,0,96,0,72.50,109,0,98,0
63,0,38,0,75.00,210,5,198,15
142,11,27,11,77.50,198,32,181,32
79,2,79,2,80.00,288,0,199,-3
161,-15,161,-15,82.50,304,0,260,7
514,-3,512,-4,85.00,384,2,233,10
483,-2,479,-3,87.50,218,0,139,0
361,10,269,-2,90.00,149,0,126,0
361,0,349,0,92.50,186,0,49,0
388,0,385,0,95.00,30,0,0,0
227,0,212,0,97.50,0,0,0,0
315,0,245,0,100.00,0,0,0,0
109,0,109,0,102.50,0,0,0,0
263,0,263,0,105.00,0,0,0,0
115,0,115,0,107.50,0,0,0,0
85,0,30,0,110.00,0,0,0,0
150,0,100,0,112.50,0,0,0,0
86,0,56,0,115.00,0,0,0,0