0,0,0,0,20.00,0,0,0,0
0,0,0,0,21.00,0,0,0,0
0,0,0,0,22.00,0,0,0,0
0,0,0,0,23.00,0,0,0,0
0,0,0,0,24.00,0,0,0,0
0,0,0,0,25.00,0,0,0,0
0,0,0,0,26.00,0,0,0,0
0,0,0,0,27.00,13,0,0,0
0,0,0,0,28.00,39,0,2,0
0,0,0,0,29.00,0,0,0,0
0,0,0,0,30.00,70,0,62,0
0,0,0,0,31.00,90,0,90,0
0,0,0,0,32.00,38,0,30,0
0,0,0,0,33.00,60,0,60,0
0,0,0,0,34.00,123,-1,94,-1
0,0,0,0,35.00,56,0,56,0
0,0,0,0,36.00,23,0,1,0
0,0,0,0,37.00,25,0,7,0
0,0,0,0,38.00,189,40,146,45
0,0,0,0,39.00,128,0,78,0
0,0,0,0,40.00,43,1,41,1
0,0,0,0,41.00,61,0,50,0
10,0,10,0,42.00,46,0,35,0
10,0,10,0,43.00,84,15,83,15
10,0,10,0,44.00,86,15,60,4
17,0,7,0,45.00,43,1,41,-1
28,0,20,0,46.00,25,-21,25,0
91,0,91,0,47.00,131,6,128,3
244,0,244,0,48.00,42,0,39,0
464,8,464,8,49.00,385,7,342,0
115,10,115,10,50.00,135,1,70,1
233,5,215,5,52.50,188,-5,129,-5
348,26,332,22,55.00,659,0,639,0
481,1,439,0,57.50,212,0,203,0
383,15,249,-14,60.00,167,0,144,0
162,0,162,0,62.50,209,0,180,0
319,-15,219,-16,65.00,181,0,170,0
147,0,140,0,67.50,137,0,79,0
377,1,161,1,70.00,104,0,87,0
136,0,136,0,72.50,7,0,3,0
73,0,66,-2,75.00,0,0,0,0
754,0,701,0,77.50,0,0,0,0
68,0,54,0,80.00,0,0,0,0
281,0,275,0,82.50,0,0,0,0
122,0,60,0,85.00,0,0,0,0
87,0,63,0,87.50,0,0,0,0
99,0,55,0,90.00,0,0,0,0
10,0,10,0,92.50,0,0,0,0
25,0,1,0,95.00,0,0,0,0
48,0,48,0,97.50,0,0,0,0
38,0,38,0,100.00,0,0,0,0
13,0,13,0,102.50,0,0,0,0
41,0,0,0,105.00,0,0,0,0
19,0,10,0,107.50,0,0,0,0
29,0,24,0,110.00,0,0,0,0
3,0,3,0,112.50,0,0,0,0
0,0,0,0,115.00,0,0,0,0
44,0,3,0,117.50,0,0,0,0
64,0,54,0,120.00,0,0,0,0
30,0,22,0,122.50,0,0,0,0
0,0,0,0,125.00,0,0,0,0
0,0,0,0,127.50,0,0,0,0
137,0,30,0,130.00,0,0,0,0