0,0,0,0,47.00,588,261,588,261
0,0,0,0,48.00,221,30,205,30
0,0,0,0,49.00,659,0,641,0
69,0,63,-1,50.00,1366,-27,1317,-70
121,0,120,0,52.50,1076,0,1071,0
73,0,36,0,55.00,1784,2,1208,2
63,0,30,0,57.50,2594,0,1590,0
407,0,392,0,60.00,3464,26,2380,0
1,0,1,0,62.50,6045,-5,5441,-5
245,0,174,0,65.00,6701,7,6259,7
1292,6,1292,6,67.50,9967,0,9636,-3
3985,0,2098,0,70.00,10240,100,8542,0
5884,0,4314,0,72.50,9554,50,9234,50
7789,1,4685,-4,75.00,6467,0,6333,0
4341,-3,3344,-3,77.50,4245,0,4073,0
6281,1,4252,1,80.00,4207,0,3144,0
5849,0,4147,-2,82.50,4084,0,3271,0
9437,0,8698,0,85.00,2828,0,2377,0
4970,-29,1423,0,87.50,5572,0,5066,0
9548,0,5961,1,90.00,7581,0,7497,0
1637,0,820,1,92.50,1013,0,916,0
3436,2,2611,0,95.00,988,0,369,0
1793,0,1597,0,97.50,685,0,231,0
2409,6,1905,0,100.00,636,0,431,0
753,0,423,0,102.50,0,0,0,0
1373,0,934,0,105.00,0,0,0,0
444,0,312,0,107.50,0,0,0,0
1505,0,1476,0,110.00,0,0,0,0
611,0,537,0,112.50,0,0,0,0
1106,0,1097,0,115.00,0,0,0,0
1842,0,1183,0,117.50,0,0,0,0
6534,-29,6232,-29,120.00,0,0,0,0
696,0,460,0,122.50,0,0,0,0
6940,0,6326,0,125.00,0,0,0,0
452,0,233,0,127.50,0,0,0,0
1394,-30,867,-30,130.00,0,0,0,0
491,0,241,0,132.50,0,0,0,0
1560,0,1015,0,135.00,0,0,0,0
161,0,130,0,137.50,0,0,0,0
1070,0,826,0,140.00,0,0,0,0
22,0,22,0,142.50,0,0,0,0
107,0,37,0,145.00,1,1,1,1
14,0,14,0,147.50,0,0,0,0
2029,0,915,0,150.00,0,0,0,0