5,0,5,0,47.00,376,0,311,0
1,0,1,0,48.00,6,0,6,0
60,0,59,0,49.00,342,0,340,0
589,0,588,0,50.00,573,195,572,195
0,0,0,0,52.50,319,25,229,25
7,0,4,0,55.00,649,87,649,87
1,0,1,0,57.50,523,1,206,1
4,0,3,0,60.00,1473,31,1362,-3
15,0,12,0,62.50,4260,0,4036,0
82,0,41,0,65.00,3078,1,2661,0
1276,0,793,0,67.50,1338,0,668,0
1490,0,1007,0,70.00,2957,1455,2957,1726
2063,25,1516,18,72.50,1693,13,1224,14
2100,1000,1708,1000,75.00,2191,0,1621,0
6104,0,4821,0,77.50,1427,-5,1418,0
2432,0,2385,0,80.00,258,50,213,50
1084,0,1021,0,82.50,33,0,32,1
841,0,836,0,85.00,27,0,26,-1
829,0,829,0,87.50,54,0,54,0
791,0,702,-20,90.00,26,1,18,1
737,0,735,0,92.50,1,0,1,0
5448,4,2955,0,95.00,10,0,9,0
853,0,531,0,97.50,10,0,10,0
243,135,235,128,100.00,1,0,1,0
8,0,8,0,102.50,0,0,0,0
116,99,116,100,105.00,0,0,0,0
13,0,0,0,107.50,0,0,0,0
58,30,53,34,110.00,2,0,2,0
1,1,1,1,112.50,0,0,0,0
16,2,16,2,115.00,0,0,0,0
0,0,0,0,117.50,0,0,0,0
150,5,111,8,120.00,0,0,0,0