0,0,0,0,57.50,300,0,300,0
0,0,0,0,60.00,100,0,100,0
0,0,0,0,62.50,10,0,10,0
0,0,0,0,65.00,490,0,480,0
0,0,0,0,67.50,15,0,15,0
0,0,0,0,70.00,613,10,599,4
0,0,0,0,72.50,584,0,584,0
67,0,67,0,75.00,1182,0,1152,0
323,0,323,0,77.50,996,10,977,0
557,0,557,0,80.00,1253,0,1236,-2
1024,3,1024,27,82.50,1486,0,1486,0
1541,-16,1430,145,85.00,1085,0,713,0
1853,0,1853,0,87.50,651,0,580,0
1141,0,1018,10,90.00,576,0,576,0
425,0,425,0,92.50,82,0,82,0
347,0,308,0,95.00,470,0,375,0
285,0,285,0,97.50,62,0,54,0
417,0,416,0,100.00,185,0,185,0
402,0,358,0,102.50,20,0,20,0
226,0,193,0,105.00,39,0,39,0
30,0,30,0,107.50,18,0,8,0
35,0,35,0,110.00,412,0,370,0
85,0,85,0,112.50,0,0,0,0
0,0,0,0,115.00,4,0,4,0
150,0,150,0,117.50,0,0,0,0
251,0,35,0,120.00,88,0,2,0
421,0,88,0,122.50,200,0,0,0
238,0,0,0,125.00,161,0,161,0
89,0,39,0,127.50,0,0,0,0
54,0,24,0,130.00,0,0,0,0
0,0,0,0,132.50,0,0,0,0
25,0,25,0,135.00,0,0,0,0
0,0,0,0,137.50,0,0,0,0
374,0,234,0,140.00,0,0,0,0
0,0,0,0,142.50,0,0,0,0
1,0,0,0,145.00,0,0,0,0
0,0,0,0,147.50,0,0,0,0
25,0,25,0,150.00,0,0,0,0
0,0,0,0,152.50,0,0,0,0