0,0,0,0,27.00,3,0,3,0
0,0,0,0,28.00,2,0,2,0
0,0,0,0,29.00,8,0,8,0
0,0,0,0,30.00,45,0,45,0
0,0,0,0,31.00,0,0,0,0
0,0,0,0,32.00,37,0,37,0
0,0,0,0,33.00,155,0,154,0
0,0,0,0,34.00,95,0,95,0
97,0,97,0,35.00,530,0,435,0
11,0,0,0,36.00,240,4,201,0
149,10,149,10,37.00,726,-8,588,-8
725,253,622,261,38.00,446,6,344,9
652,43,592,14,39.00,312,2,276,-7
588,-3,547,-28,40.00,370,-5,251,-5
523,-11,409,-11,41.00,247,-1,243,1
366,0,362,0,42.00,35,0,32,0
421,0,398,0,43.00,27,0,27,0
504,0,430,0,44.00,309,0,282,0
546,0,381,0,45.00,0,0,0,0
380,0,227,0,46.00,0,0,0,0
217,-1,180,-1,47.00,0,0,0,0
158,0,48,0,48.00,0,0,0,0
95,0,95,0,49.00,0,0,0,0
116,0,116,0,50.00,0,0,0,0
10,0,10,0,52.50,0,0,0,0
7,0,6,0,55.00,0,0,0,0
1,0,1,0,57.50,0,0,0,0