0,0,0,0,20.00,59,0,18,0
0,0,0,0,21.00,17,0,12,0
0,0,0,0,22.00,22,0,8,0
0,0,0,0,23.00,15,0,0,0
0,0,0,0,24.00,0,0,0,0
0,0,0,0,25.00,8,-1,8,-1
0,0,0,0,26.00,0,0,0,0
0,0,0,0,27.00,345,-867,97,-1098
0,0,0,0,28.00,81,-1,50,-1
0,0,0,0,29.00,43,-6,28,-6
0,0,0,0,30.00,57,27,1,0
0,0,0,0,31.00,55,-16,12,-13
30,0,30,0,32.00,26,3,0,-2
47,0,16,0,33.00,97,0,15,0
30,0,5,0,34.00,90,0,2,0
8,0,0,0,35.00,21,0,15,0
35,0,21,0,36.00,0,0,0,0
12,0,0,0,37.00,0,0,0,0
16,-7,6,0,38.00,1,0,1,0
64,0,23,0,39.00,12,0,0,0
59,0,4,0,40.00,1,0,1,0
52,0,27,0,41.00,15,0,0,0
103,52,8,2,42.00,15,0,10,0
73,50,1,0,43.00,10,0,0,0
54,15,2,0,44.00,0,0,0,0
8,0,0,0,45.00,0,0,0,0
30,0,30,0,46.00,0,0,0,0
15,0,15,0,47.00,0,0,0,0
21,0,18,0,48.00,0,0,0,0
0,0,0,0,49.00,0,0,0,0
16,0,1,0,50.00,0,0,0,0
0,0,0,0,52.50,0,0,0,0
1,0,0,0,55.00,0,0,0,0
2,0,0,0,57.50,0,0,0,0
0,0,0,0,60.00,0,0,0,0
0,0,0,0,62.50,0,0,0,0
0,0,0,0,65.00,0,0,0,0
10,0,10,0,67.50,0,0,0,0
8,0,8,0,70.00,0,0,0,0
3,0,3,0,72.50,0,0,0,0
0,0,0,0,75.00,0,0,0,0
0,0,0,0,77.50,0,0,0,0
0,0,0,0,80.00,0,0,0,0
0,0,0,0,82.50,0,0,0,0
0,0,0,0,85.00,0,0,0,0
0,0,0,0,87.50,0,0,0,0
0,0,0,0,90.00,0,0,0,0