0,0,0,0,47.00,702,0,351,0
0,0,0,0,48.00,82,0,82,0
0,0,0,0,49.00,95,0,95,0
0,0,0,0,50.00,1325,0,1028,0
0,0,0,0,52.50,860,0,507,0
0,0,0,0,55.00,778,0,778,0
0,0,0,0,57.50,257,0,254,0
0,0,0,0,60.00,476,0,462,0
0,0,0,0,62.50,620,22,620,22
184,0,139,0,65.00,1785,0,1467,-14
361,0,361,0,67.50,707,0,707,0
466,51,439,51,70.00,1655,-17,1145,21
853,0,853,0,72.50,759,0,706,-20
1242,-35,752,-35,75.00,1106,0,412,3
706,15,621,15,77.50,453,0,425,0
1012,58,956,23,80.00,57,0,48,0
581,-15,545,-15,82.50,338,0,236,0
451,-23,260,-23,85.00,83,0,23,0
1638,4,1319,4,87.50,935,0,908,0
425,0,350,0,90.00,118,0,80,0
241,0,229,0,92.50,27,0,6,0
220,0,220,0,95.00,0,0,0,0
925,-12,815,0,97.50,0,0,0,0
325,0,268,0,100.00,0,0,0,0
101,0,101,0,102.50,0,0,0,0
29,0,29,0,105.00,0,0,0,0
59,0,59,0,107.50,0,0,0,0
15,0,15,0,110.00,0,0,0,0
10,0,10,0,112.50,0,0,0,0
50,0,50,0,115.00,0,0,0,0
0,0,0,0,117.50,0,0,0,0
63,0,60,0,120.00,0,0,0,0
8,0,8,0,122.50,0,0,0,0
0,0,0,0,125.00,0,0,0,0
356,0,175,0,127.50,0,0,0,0
271,0,150,0,130.00,0,0,0,0
205,0,135,0,132.50,0,0,0,0
293,0,112,0,135.00,0,0,0,0
120,0,120,0,137.50,0,0,0,0
154,0,150,0,140.00,0,0,0,0