0,0,0,0,50.00,300,0,300,0
0,0,0,0,52.50,0,0,0,0
0,0,0,0,55.00,200,0,200,0
0,0,0,0,57.50,181,0,181,0
0,0,0,0,60.00,0,0,0,0
0,0,0,0,62.50,60,0,0,0
0,0,0,0,65.00,630,0,166,0
0,0,0,0,67.50,54,0,54,0
332,0,201,0,70.00,2158,0,1358,0
3,0,3,0,72.50,918,1,455,0
0,0,0,0,75.00,1810,0,1004,0
49,0,49,0,77.50,1917,59,1739,65
1,0,0,0,80.00,2624,140,2187,55
358,0,85,0,82.50,1099,0,856,0
33,0,33,0,85.00,2306,76,1579,97
31,0,31,0,87.50,2179,91,1341,58
432,0,307,0,90.00,8352,-124,7601,-96
741,0,549,0,92.50,3452,28,2812,3
209,0,74,0,95.00,7707,408,5410,60
1497,0,1148,5,97.50,7868,37,6205,56
4097,-1,2846,-51,100.00,13313,-141,9803,-207
6297,295,5518,205,102.50,10824,514,7002,299
10419,196,9519,-8,105.00,16049,-112,14771,-51
6049,137,4633,199,107.50,5281,293,4257,310
18216,208,13015,160,110.00,17546,-99,13331,-94
4800,97,4282,47,112.50,6014,0,5561,0
12767,22,11796,-116,115.00,7136,22,6238,6
3584,-43,2845,-23,117.50,2502,6,1880,6
5748,35,4636,58,120.00,3869,0,3407,0
2119,0,1677,0,122.50,565,0,335,0
7103,3,6455,-16,125.00,2028,5,1759,5
2186,7,1719,7,127.50,1193,3,1187,3
4236,0,3701,0,130.00,5648,0,5063,0
1573,0,1456,0,132.50,356,0,326,0
5430,-2,4772,-2,135.00,2213,0,2091,0
2367,-17,1984,0,137.50,141,0,141,0
4263,-35,3460,-16,140.00,273,0,264,0
1550,65,1145,65,142.50,204,0,199,0
1670,0,1460,0,145.00,195,0,179,0
1219,0,913,0,147.50,66,0,66,0
1974,-5,1237,-5,150.00,18,0,18,0
1306,0,753,0,152.50,15,0,15,0
3596,0,2831,0,155.00,0,0,0,0
1026,0,868,0,157.50,0,0,0,0
3310,0,3001,0,160.00,3,0,3,0
949,0,274,0,162.50,0,0,0,0
2525,0,2233,0,165.00,1,0,1,0
897,17,548,0,167.50,0,0,0,0
568,0,379,0,170.00,0,0,0,0
680,0,423,0,172.50,0,0,0,0
1080,17,548,0,175.00,0,0,0,0
327,0,160,0,177.50,0,0,0,0
416,0,304,0,180.00,0,0,0,0
639,0,174,0,182.50,0,0,0,0
851,0,683,0,185.00,0,0,0,0
784,0,710,0,187.50,0,0,0,0
150,0,65,0,190.00,0,0,0,0
478,0,344,0,192.50,0,0,0,0
604,0,411,0,195.00,0,0,0,0
804,0,435,0,197.50,0,0,0,0
991,0,590,0,200.00,0,0,0,0
110,0,70,0,205.00,0,0,0,0
143,0,49,0,210.00,0,0,0,0
107,0,65,0,215.00,0,0,0,0
295,0,167,0,220.00,0,0,0,0
103,0,73,0,225.00,0,0,0,0
3,0,3,0,230.00,0,0,0,0
0,0,0,0,235.00,0,0,0,0
269,0,269,0,240.00,0,0,0,0
262,0,103,0,245.00,0,0,0,0
1079,0,679,0,250.00,0,0,0,0
161,0,81,0,255.00,0,0,0,0
73,0,73,0,260.00,0,0,0,0
0,0,0,0,265.00,0,0,0,0
15,0,15,0,270.00,0,0,0,0
281,0,281,0,275.00,0,0,0,0
455,0,84,0,280.00,0,0,0,0
0,0,0,0,285.00,0,0,0,0
40,0,40,0,290.00,0,0,0,0
40,0,40,0,295.00,0,0,0,0
288,0,80,0,300.00,0,0,0,0