0,0,0,0,2.80,0,0,0,0
0,0,0,0,2.90,0,0,0,0
0,0,0,0,3.00,501,0,499,0
0,0,0,0,3.10,160,0,160,0
77,0,52,0,3.20,210,0,70,0
0,0,0,0,3.30,840,0,722,0
0,0,0,0,3.40,165,0,91,0
0,0,0,0,3.50,586,0,586,0
89,0,89,0,3.60,2621,0,1462,0
0,0,0,0,3.70,2418,-39,1958,-39
0,0,0,0,3.80,4610,-49,1996,-49
0,0,0,0,3.90,2354,-29,1514,-150
755,0,532,0,4.00,4897,0,4297,0
3012,0,3012,0,4.10,14407,560,14312,560
1204,0,1068,0,4.20,20701,0,17144,-30
1288,0,674,0,4.30,9525,217,8021,-220
3380,0,2036,0,4.40,15135,0,14190,0
21056,-2015,20851,-2005,4.50,30701,20,21075,-20
11771,109,11443,114,4.60,7651,-5,6474,-4
7760,-1933,7108,-1954,4.70,4707,0,3587,0
10828,0,10068,-51,4.80,4194,11,3707,-19
4932,60,4579,-40,4.90,1875,0,1643,0
7354,-20,5417,121,5.00,76,0,76,0
9509,0,7965,0,5.25,50,0,50,0
14107,0,13980,0,5.50,0,0,0,0
2392,0,1632,0,5.75,0,0,0,0
21102,0,20088,0,6.00,0,0,0,0
2496,-69,2496,-69,6.25,0,0,0,0
120,0,120,0,6.50,0,0,0,0
479,0,479,0,6.75,0,0,0,0
633,0,329,0,7.00,0,0,0,0
369,0,148,0,7.25,0,0,0,0
80,0,0,0,7.50,0,0,0,0
0,0,0,0,7.75,0,0,0,0
100,0,100,0,8.00,0,0,0,0
0,0,0,0,8.25,0,0,0,0
0,0,0,0,8.50,0,0,0,0
0,0,0,0,8.75,0,0,0,0