0,0,0,0,1.65,0,0,0,0
0,0,0,0,1.70,0,0,0,0
0,0,0,0,1.75,10,0,10,0
0,0,0,0,1.80,10,0,10,0
0,0,0,0,1.85,0,0,0,0
0,0,0,0,1.90,30,0,30,0
0,0,0,0,1.95,0,0,0,0
0,0,0,0,2.00,106,0,106,0
0,0,0,0,2.10,0,0,0,0
0,0,0,0,2.20,61,0,60,0
0,0,0,0,2.30,239,0,239,0
0,0,0,0,2.40,77,0,31,0
14,0,14,0,2.50,120,0,120,0
14,0,10,0,2.60,168,0,168,0
70,0,70,0,2.70,300,0,228,0
211,-1,1,-1,2.80,494,0,232,0
801,0,591,0,2.90,588,0,313,0
1186,0,1166,0,3.00,1278,0,1179,0
428,0,378,0,3.10,53,11,39,9
770,0,770,0,3.20,0,0,0,0
346,0,295,0,3.30,0,0,0,0
141,0,111,0,3.40,0,0,0,0
264,0,219,0,3.50,0,0,0,0
31,0,31,0,3.60,0,0,0,0
64,0,4,0,3.70,0,0,0,0
1,0,1,0,3.80,0,0,0,0
30,0,30,0,3.90,0,0,0,0
60,0,60,0,4.00,0,0,0,0
60,0,60,0,4.10,0,0,0,0
30,0,30,0,4.20,0,0,0,0
10,0,10,0,4.30,0,0,0,0
0,0,0,0,4.40,0,0,0,0
0,0,0,0,4.50,0,0,0,0