0,0,0,0,13.00,0,0,0,0
0,0,0,0,13.50,0,0,0,0
0,0,0,0,14.00,0,0,0,0
0,0,0,0,14.50,25,0,25,0
0,0,0,0,15.00,0,0,0,0
0,0,0,0,15.50,40,0,40,0
0,0,0,0,16.00,191,0,191,0
0,0,0,0,16.50,11,0,11,0
0,0,0,0,17.00,223,0,90,0
0,0,0,0,17.50,136,0,136,0
13,0,13,0,18.00,381,0,214,0
0,0,0,0,18.50,233,0,178,0
120,0,90,0,19.00,656,0,654,0
270,0,240,0,19.50,1376,0,806,0
828,0,793,0,20.00,2291,0,2158,0
1938,0,1747,0,21.00,3670,0,2910,0
3505,0,3490,0,22.00,6816,-3,2853,-3
2985,-24,2634,0,23.00,2301,-33,1638,0
4061,-64,3993,-58,24.00,1286,-30,1158,-30
2522,5,2377,0,25.00,828,0,827,0
906,0,772,0,26.00,60,0,59,0
598,0,521,0,27.00,60,0,60,0
962,0,917,0,28.00,30,0,30,0
321,0,257,0,29.00,30,0,30,0
189,1,137,1,30.00,0,0,0,0
104,11,54,11,31.00,66,35,66,35
379,6,374,6,32.00,0,0,0,0
100,0,100,0,33.00,0,0,0,0
30,0,30,0,34.00,0,0,0,0
5,0,5,0,35.00,0,0,0,0
15,0,0,0,36.00,0,0,0,0
0,0,0,0,37.00,0,0,0,0
10,0,10,0,38.00,0,0,0,0
0,0,0,0,39.00,0,0,0,0
260,0,260,0,40.00,0,0,0,0
27,0,27,0,41.00,0,0,0,0
342,0,342,0,42.00,0,0,0,0
30,0,30,0,43.00,0,0,0,0