0,0,0,0,19.50,25,0,25,0
0,0,0,0,20.00,0,0,0,0
0,0,0,0,21.00,0,0,0,0
5,0,0,0,22.00,60,0,60,0
0,0,0,0,23.00,65,0,65,0
0,0,0,0,24.00,30,0,30,0
0,0,0,0,25.00,87,0,70,0
0,0,0,0,26.00,47,0,45,0
0,0,0,0,27.00,215,0,215,0
60,0,60,0,28.00,195,0,195,0
504,0,474,0,29.00,60,0,60,0
399,0,399,0,30.00,59,55,59,55
60,0,60,0,31.00,0,0,0,0
121,54,60,0,32.00,15,15,15,15
115,56,62,3,33.00,0,0,0,0
62,0,50,0,34.00,0,0,0,0
117,0,60,0,35.00,0,0,0,0
84,21,44,0,36.00,0,0,0,0
15,2,15,2,37.00,0,0,0,0
9,0,9,0,38.00,0,0,0,0
0,0,0,0,39.00,0,0,0,0