0,0,0,0,17.50,237,0,232,0
0,0,0,0,18.00,0,0,0,0
0,0,0,0,18.50,0,0,0,0
0,0,0,0,19.00,17,0,2,0
0,0,0,0,19.50,3,0,3,0
0,0,0,0,20.00,145,0,115,0
0,0,0,0,21.00,4,0,4,0
0,0,0,0,22.00,242,0,242,0
0,0,0,0,23.00,5253,0,5223,0
80,0,56,0,24.00,2834,0,2834,0
400,0,400,0,25.00,1092,0,1092,0
374,0,374,0,26.00,204,0,201,0
208,0,208,0,27.00,421,0,343,0
213,0,139,0,28.00,742,0,722,0
86,0,86,0,29.00,2,0,2,0
190,0,165,0,30.00,244,155,226,155
217,0,83,0,31.00,73,0,70,0
104,0,88,0,32.00,218,0,83,0
87,0,87,0,33.00,108,0,104,0
58,0,35,0,34.00,15,0,10,0
33,0,33,0,35.00,48,0,48,0
71,0,39,0,36.00,0,0,0,0
46,1,45,0,37.00,0,0,0,0
123,0,119,0,38.00,1,0,1,0
253,0,253,0,39.00,0,0,0,0
57,0,54,0,40.00,41,0,32,0
56,0,56,0,41.00,60,0,60,0
36,0,36,0,42.00,32,0,32,0
305,0,229,0,43.00,0,0,0,0