0,0,0,0,46.00,2564,-14,2074,-38
0,0,0,0,47.00,1935,0,1659,0
0,0,0,0,48.00,1767,-21,1441,4
50,0,50,0,49.00,2228,-18,1666,2
1433,0,1384,0,50.00,5411,34,4170,52
80,0,80,0,52.50,4294,49,3150,228
161,0,135,0,55.00,4784,8,3489,75
82,0,54,0,57.50,4514,-171,3215,86
658,0,108,-8,60.00,10603,266,8395,548
1257,-20,576,-20,62.50,10457,57,8367,291
3975,-33,2789,-27,65.00,9000,41,6573,190
11142,8,8368,9,67.50,17850,646,13935,321
12061,1325,9124,1152,70.00,16035,152,13335,-440
7233,54,5717,109,72.50,8174,376,5798,-195
16572,73,11353,333,75.00,12041,-16,6681,-316
11957,9,9336,-131,77.50,13033,0,10172,0
11937,48,7347,44,80.00,8066,0,6569,-1
8839,-198,7305,-146,82.50,5555,23,4155,20
10941,138,8048,-51,85.00,12103,0,11621,0
8556,296,7091,276,87.50,7400,0,6860,0
22344,83,14009,-9,90.00,18747,0,16986,0
7803,-32,6373,-28,92.50,4465,0,4087,0
13640,31,11829,12,95.00,4744,0,3322,0
5024,20,4336,88,97.50,6566,167,4657,167
12269,-21,10066,15,100.00,12089,0,8176,0
4377,20,3474,20,102.50,5274,0,5190,0
11567,-26,8569,-3,105.00,11994,0,9453,0
4366,15,3654,-28,107.50,4175,0,4011,0
12647,-65,9817,-30,110.00,6469,210,5813,178
6098,0,5746,0,112.50,2465,0,2244,0
14124,0,11599,0,115.00,1389,72,1275,72
8427,5,7897,5,117.50,537,24,520,24
10592,0,9577,0,120.00,2710,24,2700,24
2924,-8,2512,50,122.50,186,0,173,0
15438,0,14023,0,125.00,1580,0,1567,5
2800,0,2183,0,127.50,0,0,0,0
9751,50,8659,3,130.00,4,0,4,0
2920,47,2446,47,132.50,0,0,0,0
5940,0,5127,0,135.00,1000,0,742,21
2302,0,1545,0,137.50,0,0,0,0
9653,9,7860,9,140.00,0,0,0,0
6469,0,5320,0,142.50,0,0,0,0
2376,0,1011,0,145.00,0,0,0,0
1498,0,1222,0,147.50,0,0,0,0
9775,-15,8986,-13,150.00,0,0,0,0
3645,0,2708,0,152.50,0,0,0,0
2604,0,2022,0,155.00,0,0,0,0
3208,0,2013,0,157.50,0,0,0,0
4245,0,4075,0,160.00,1500,0,1500,0
665,0,520,0,162.50,0,0,0,0
1419,0,736,0,165.00,0,0,0,0
1105,0,635,0,167.50,0,0,0,0
4305,0,3743,0,170.00,0,0,0,0
266,0,121,0,172.50,0,0,0,0
289,0,237,0,175.00,0,0,0,0
309,0,161,0,177.50,0,0,0,0
872,0,788,0,180.00,0,0,0,0
402,0,231,0,182.50,0,0,0,0
812,0,505,0,185.00,0,0,0,0
695,0,334,0,187.50,0,0,0,0
2216,0,1678,0,190.00,0,0,0,0
1377,0,1251,0,192.50,0,0,0,0
3086,0,2994,0,195.00,0,0,0,0
727,0,713,0,197.50,0,0,0,0
10593,0,8479,0,200.00,0,0,0,0
213,0,178,0,205.00,0,0,0,0
261,0,111,0,210.00,0,0,0,0
307,0,150,0,215.00,0,0,0,0
78,0,77,0,220.00,0,0,0,0
107,0,58,0,225.00,0,0,0,0
441,0,222,0,230.00,0,0,0,0
116,0,15,0,235.00,0,0,0,0
41,0,16,0,240.00,0,0,0,0
161,0,12,0,245.00,0,0,0,0
103,0,81,0,250.00,0,0,0,0
438,0,59,0,255.00,0,0,0,0
287,0,21,0,260.00,0,0,0,0
194,0,17,0,265.00,0,0,0,0
1025,0,847,0,270.00,0,0,0,0
568,0,33,0,275.00,0,0,0,0
551,0,93,0,280.00,0,0,0,0
61,0,25,0,285.00,0,0,0,0
210,0,13,0,290.00,0,0,0,0
900,0,44,0,295.00,0,0,0,0
1700,0,638,0,300.00,0,0,0,0
340,0,299,0,310.00,0,0,0,0